                 input filtered denoisedF denoisedR merged nonchim sample.name
G4G3773_S91      11481    11469     11424     11285  10589   10589          14
G7B944_S49       46612    46585     46519     46086  43664   43484          63
G7B926_S74        2387     2387      2344      2353   2247    2247          53
G4G3715_S25      28272    28270     28101     28135  26581   26581           6
G7B969_S75        9067     9061      8951      8906   8657    8657          76
G4G3775_S20       3976     3973      3940      3831   3723    3723          15
G7B952_S5        22508    22494     22098     22249  20727   20727          66
G7B957_S53       12937    12929     12896     12771  12296   12296          70
G7B964_S28        3805     3803      3742      3789   3583    3583          73
G4G3763_S7         121       66        61        65      0       0          12
G7B930_S88        4380     4375      4355      4296   4136    4136          56
G4G3817_S18      66472    66416     65932     65889  61093   60907          28
G1M034_S46       39729    39694     39426     38845  36515   36481           3
G7B977_S80        2708     2707      2694      2674   2520    2520          77
G7B927_S50       43311    43295     43008     42882  40214   40181          54
G4G3887_S11      50991    50963     50556     49901  46668   46627          41
G1M008_S58       51658    51621     51341     50221  47377   47208           2
G7B947_S86       19303    19292     19103     18437  17407   17407          64
G4G3803_S8       30840    30826     30768     30655  28945   28814          25
G4G3807_S30       6635     6630      6604      6535   6213    6213          26
G4G3845_S23       5808     5806      5624      5683   5377    5377          32
G7B958_S76       24923    24908     24700     24495  23292   23188          71
G4G3782_S89       7694     7688      7624      7583   7200    7200          18
G4G3790_S55      31621    31597     31362     31205  29163   29137          21
G7B979_S57        7791     7790      7716      7566   7206    7206          78
G4G3756_S66      30682    30661     30564     30375  28660   28660          10
G7B1008_S45      24703    24669     24360     24330  22518   22518          47
G7B933_S38       38244    38220     38128     37790  35872   35783          58
G7B948_S61       48253    48228     48155     47413  44750   44607          65
G4G3778_S67       6103     6098      6053      5997   5472    5472          17
G7B956_S26        5728     5723      5612      5609   5307    5307          69
G4G3895_S71      13157    13150     13112     12828  12295   12295          44
G4G3872_S47      15651    15640     15508     15417  14640   14640          38
G4G3925_S36      18413    18405     18304     18108  17245   17245          46
G7B967_S3        16159    16145     16017     15833  15085   15068          74
G7B955_S4        21207    21187     21067     20739  19590   19586          68
G7B987_S92        7603     7599      7508      7490   6861    6861          84
G4G3891_S82      38689    38666     38602     38415  36161   36026          42
G4G3707_S1      111364   111310    111083    110443 102908  102583           5
G7B986_S9          450      273       271       239      0       0          83
G7B918_S62        7273     7269      7209      7114   6849    6849          49
G4G3772_S78       6671     6667      6464      6660   6169    6169          13
G7B980_S22       13161    13153     13091     12999  12292   12292          79
G4G3860_S48     162832   162711    162073    161394 145945  144649          34
G7B998_S21       56853    56831     56251     55742  51749   51593          87
G4G3864_S96      29230    29210     29005     28764  27098   26983          35
G4G3791_S32       1870     1870      1843      1788   1611    1611          22
G4G3811_S77       1784     1766      1763      1733   1732    1732          27
G7B985_S10       44582    44560     44116     43682  40733   40722          82
G4G3842_S95      14891    14885     14788     14766  13926   13926          31
G4G3894_S12      51912    51872     51528     50686  47485   47248          43
G4G3866_S84     129990   129927    128969    129245 118443  117510          36
G4G3776_S54       7113     7107      7075      6967   6720    6720          16
G7B943_S73           7        7         4         4      4       4          62
G7B924_S51       25280    25267     24725     25085  22636   22636          51
G7B915_S37         535      389       389       347    213     213          48
G4G3663_S13      87889    87832     87732     86193  80497   80236           4
G7B925_S40       24637    24603     24511     24072  22807   22807          52
G4G3839_S44      34543    34516     34152     34250  30508   30341          30
G4G3802_S90      10862    10857     10840     10579  10060   10060          24
G1M007_S70       24001    23984     23852     23720  22705   22705           1
G7B988_S33           4        4         4         4      4       4          85
G7B981_S34        4183     4178      4110      4160   4079    4079          80
G4G3787_S19      17072    17064     17001     16693  15581   15579          20
G7B929_S17       29268    29260     29001     28723  26694   26621          55
G4G3755_S79      40001    39988     39871     39643  37491   37299           9
G7B968_S29        4763     4762      4744      4596   4430    4430          75
G7B995_S69        6402     6390      6353      6198   5890    5890          86
G4G3877_S60     104703   104654    103446    104462  89337   88690          40
G4G3793_S65      11349    11338     11254     11045  10446   10446          23
G7B959_S64        5641     5639      5621      5576   5451    5451          72
G7B939_S87       15214    15209     14927     14805  13834   13834          61
G7B984_S93       10982    10976     10938     10654  10087   10087          81
G4G3751_S43      36473    36449     36366     35866  34151   33878           8
G7B923_S16       29818    29793     29393     29553  27193   27193          50
G4G3867_S94       5324     5322      5287      5241   4952    4952          37
NegControl1_S14   2098     2096      2075      2095   2074    2074          88
G4G3758_S6       37586    37573     37436     36788  34955   34955          11
G4G3742_S56      54518    54487     54197     53464  49616   49358           7
G4G3855_S72     178872   178765    178323    178058 165862  164479          33
G7B953_S41          77       46        46        15      0       0          67
G4G3900_S24      37779    37747     37413     37308  34707   34665          45
G4G3783_S68       6151     6147      6134      6045   5864    5864          19
G7B934_S85        2393     2393      2347      2361   2294    2294          59
G7B937_S15       29435    29409     29263     28956  27273   27273          60
G4G3876_S35       4868     4867      4854      4751   4601    4601          39
G7B931_S63        2403     2403      2383      2316   2197    2197          57
G4G3825_S31      10900    10890     10769     10717   9950    9950          29
                orig_f_reads orig_r_reads adap_f_reads adap_r_reads
G4G3773_S91            22524        22524        22518        22518
G7B944_S49             86664        86664        86660        86660
G7B926_S74              5205         5205         5201         5201
G4G3715_S25            52122        52122        52121        52121
G7B969_S75             20551        20551        20540        20540
G4G3775_S20            14284        14284        14275        14275
G7B952_S5              42824        42824        42823        42823
G7B957_S53             25501        25501        25495        25495
G7B964_S28              8494         8494         8494         8494
G4G3763_S7              1889         1889         1879         1879
G7B930_S88              9044         9044         9039         9039
G4G3817_S18           117973       117973       117968       117968
G1M034_S46             66217        66217        66212        66212
G7B977_S80              6045         6045         6038         6038
G7B927_S50             79095        79095        79091        79091
G4G3887_S11            92128        92128        92126        92126
G1M008_S58             91719        91719        91713        91713
G7B947_S86             36230        36230        36224        36224
G4G3803_S8             55929        55929        55924        55924
G4G3807_S30            14707        14707        14697        14697
G4G3845_S23            10463        10463        10454        10454
G7B958_S76             46199        46199        46193        46193
G4G3782_S89            15722        15722        15717        15717
G4G3790_S55            57308        57308        57301        57301
G7B979_S57             15782        15782        15773        15773
G4G3756_S66            55484        55484        55481        55481
G7B1008_S45            43210        43210        43203        43203
G7B933_S38             70463        70463        70454        70454
G7B948_S61             89447        89447        89444        89444
G4G3778_S67            11990        11990        11979        11979
G7B956_S26             12054        12054        12042        12042
G4G3895_S71            24345        24345        24337        24337
G4G3872_S47            29796        29796        29790        29790
G4G3925_S36            37308        37308        37301        37301
G7B967_S3              32766        32766        32760        32760
G7B955_S4              40080        40080        40076        40076
G7B987_S92             14290        14290        14290        14290
G4G3891_S82            72854        72854        72850        72850
G4G3707_S1            172284       172284       172281       172281
G7B986_S9               2417         2417         2406         2406
G7B918_S62             16284        16284        16276        16276
G4G3772_S78            14850        14850        14850        14850
G7B980_S22             23320        23320        23310        23310
G4G3860_S48           238508       238508       238503       238503
G7B998_S21            101030       101030       101022       101022
G4G3864_S96            60062        60062        60061        60061
G4G3791_S32             3603         3603         3603         3603
G4G3811_S77             4398         4398         4389         4389
G7B985_S10             78099        78099        78093        78093
G4G3842_S95            28076        28076        28075        28075
G4G3894_S12            94430        94430        94424        94424
G4G3866_S84           166320       166320       166320       166320
G4G3776_S54            14944        14944        14934        14934
G7B943_S73              1631         1631         1615         1615
G7B924_S51             45336        45336        45328        45328
G7B915_S37              2700         2700         2688         2688
G4G3663_S13           151065       151065       151061       151061
G7B925_S40             47248        47248        47240        47240
G4G3839_S44            60039        60039        60037        60037
G4G3802_S90            21532        21532        21526        21526
G1M007_S70             44423        44423        44422        44422
G7B988_S33              1466         1466         1455         1455
G7B981_S34              7474         7474         7469         7469
G4G3787_S19            33209        33209        33203        33203
G7B929_S17             53701        53701        53696        53696
G4G3755_S79            75251        75251        75244        75244
G7B968_S29              9942         9942         9934         9934
G7B995_S69             11673        11673        11664        11664
G4G3877_S60           142467       142467       142467       142467
G4G3793_S65            21218        21218        21216        21216
G7B959_S64             11915        11915        11900        11900
G7B939_S87             29629        29629        29622        29622
G7B984_S93             20838        20838        20836        20836
G4G3751_S43            69185        69185        69177        69177
G7B923_S16             55417        55417        55414        55414
G4G3867_S94            10561        10561        10560        10560
NegControl1_S14         2576         2576         2576         2576
G4G3758_S6             68217        68217        68214        68214
G4G3742_S56            92262        92262        92253        92253
G4G3855_S72           252216       252216       252212       252212
G7B953_S41              1419         1419         1413         1413
G4G3900_S24            70404        70404        70403        70403
G4G3783_S68            11866        11866        11864        11864
G7B934_S85              4915         4915         4910         4910
G7B937_S15             53600        53600        53598        53598
G4G3876_S35             9036         9036         9028         9028
G7B931_S63              5548         5548         5541         5541
G4G3825_S31            22407        22407        22399        22399
                prim_f_reads prim_r_reads original_discarded adaptor_discarded
G4G3773_S91            11481        11481                  6             11037
G7B944_S49             46612        46612                  4             40048
G7B926_S74              2387         2387                  4              2814
G4G3715_S25            28272        28272                  1             23849
G7B969_S75              9067         9067                 11             11473
G4G3775_S20             3976         3976                  9             10299
G7B952_S5              22508        22508                  1             20315
G7B957_S53             12937        12937                  6             12558
G7B964_S28              3805         3805                  0              4689
G4G3763_S7               121          121                 10              1758
G7B930_S88              4380         4380                  5              4659
G4G3817_S18            66472        66472                  5             51496
G1M034_S46             39729        39729                  5             26483
G7B977_S80              2708         2708                  7              3330
G7B927_S50             43311        43311                  4             35780
G4G3887_S11            50991        50991                  2             41135
G1M008_S58             51658        51658                  6             40055
G7B947_S86             19303        19303                  6             16921
G4G3803_S8             30840        30840                  5             25084
G4G3807_S30             6635         6635                 10              8062
G4G3845_S23             5808         5808                  9              4646
G7B958_S76             24923        24923                  6             21270
G4G3782_S89             7694         7694                  5              8023
G4G3790_S55            31621        31621                  7             25680
G7B979_S57              7791         7791                  9              7982
G4G3756_S66            30682        30682                  3             24799
G7B1008_S45            24703        24703                  7             18500
G7B933_S38             38244        38244                  9             32210
G7B948_S61             48253        48253                  3             41191
G4G3778_S67             6103         6103                 11              5876
G7B956_S26              5728         5728                 12              6314
G4G3895_S71            13157        13157                  8             11180
G4G3872_S47            15651        15651                  6             14139
G4G3925_S36            18413        18413                  7             18888
G7B967_S3              16159        16159                  6             16601
G7B955_S4              21207        21207                  4             18869
G7B987_S92              7603         7603                  0              6687
G4G3891_S82            38689        38689                  4             34161
G4G3707_S1            111364       111364                  3             60917
G7B986_S9                450          450                 11              1956
G7B918_S62              7273         7273                  8              9003
G4G3772_S78             6671         6671                  0              8179
G7B980_S22             13161        13161                 10             10149
G4G3860_S48           162832       162832                  5             75671
G7B998_S21             56853        56853                  8             44169
G4G3864_S96            29230        29230                  1             30831
G4G3791_S32             1870         1870                  0              1733
G4G3811_S77             1784         1784                  9              2605
G7B985_S10             44582        44582                  6             33511
G4G3842_S95            14891        14891                  1             13184
G4G3894_S12            51912        51912                  6             42512
G4G3866_S84           129990       129990                  0             36330
G4G3776_S54             7113         7113                 10              7821
G7B943_S73                 7            7                 16              1608
G7B924_S51             25280        25280                  8             20048
G7B915_S37               535          535                 12              2153
G4G3663_S13            87889        87889                  4             63172
G7B925_S40             24637        24637                  8             22603
G4G3839_S44            34543        34543                  2             25494
G4G3802_S90            10862        10862                  6             10664
G1M007_S70             24001        24001                  1             20421
G7B988_S33                 4            4                 11              1451
G7B981_S34              4183         4183                  5              3286
G4G3787_S19            17072        17072                  6             16131
G7B929_S17             29268        29268                  5             24428
G4G3755_S79            40001        40001                  7             35243
G7B968_S29              4763         4763                  8              5171
G7B995_S69              6402         6402                  9              5262
G4G3877_S60           104703       104703                  0             37764
G4G3793_S65            11349        11349                  2              9867
G7B959_S64              5641         5641                 15              6259
G7B939_S87             15214        15214                  7             14408
G7B984_S93             10982        10982                  2              9854
G4G3751_S43            36473        36473                  8             32704
G7B923_S16             29818        29818                  3             25596
G4G3867_S94             5324         5324                  1              5236
NegControl1_S14         2098         2098                  0               478
G4G3758_S6             37586        37586                  3             30628
G4G3742_S56            54518        54518                  9             37735
G4G3855_S72           178872       178872                  4             73340
G7B953_S41                77           77                  6              1336
G4G3900_S24            37779        37779                  1             32624
G4G3783_S68             6151         6151                  2              5713
G7B934_S85              2393         2393                  5              2517
G7B937_S15             29435        29435                  2             24163
G4G3876_S35             4868         4868                  8              4160
G7B931_S63              2403         2403                  7              3138
G4G3825_S31            10900        10900                  8             11499
                primer_discarded filtered_discarded merged_discarded
G4G3773_S91                   12                 45              835
G7B944_S49                    27                 66             2855
G7B926_S74                     0                 43               97
G4G3715_S25                    2                169             1520
G7B969_S75                     6                110              294
G4G3775_S20                    3                 33              217
G7B952_S5                     14                396             1371
G7B957_S53                     8                 33              600
G7B964_S28                     2                 61              159
G4G3763_S7                    55                  5               61
G7B930_S88                     5                 20              219
G4G3817_S18                   56                484             4839
G1M034_S46                    35                268             2911
G7B977_S80                     1                 13              174
G7B927_S50                    16                287             2794
G4G3887_S11                   28                407             3888
G1M008_S58                    37                280             3964
G7B947_S86                    11                189             1696
G4G3803_S8                    14                 58             1823
G4G3807_S30                    5                 26              391
G4G3845_S23                    2                182              247
G7B958_S76                    15                208             1408
G4G3782_S89                    6                 64              424
G4G3790_S55                   24                235             2199
G7B979_S57                     1                 74              510
G4G3756_S66                   21                 97             1904
G7B1008_S45                   34                309             1842
G7B933_S38                    24                 92             2256
G7B948_S61                    25                 73             3405
G4G3778_S67                    5                 45              581
G7B956_S26                     5                111              305
G4G3895_S71                    7                 38              817
G4G3872_S47                   11                132              868
G4G3925_S36                    8                101             1059
G7B967_S3                     14                128              932
G7B955_S4                     20                120             1477
G7B987_S92                     4                 91              647
G4G3891_S82                   23                 64             2441
G4G3707_S1                    54                227             8175
G7B986_S9                    177                  2              271
G7B918_S62                     4                 60              360
G4G3772_S78                    4                203              295
G7B980_S22                     8                 62              799
G4G3860_S48                  121                638            16128
G7B998_S21                    22                580             4502
G4G3864_S96                   20                205             1907
G4G3791_S32                    0                 27              232
G4G3811_S77                   18                  3               31
G7B985_S10                    22                444             3383
G4G3842_S95                    6                 97              862
G4G3894_S12                   40                344             4043
G4G3866_S84                   63                958            10526
G4G3776_S54                    6                 32              355
G7B943_S73                     0                  3                0
G7B924_S51                    13                542             2089
G7B915_S37                   146                  0              176
G4G3663_S13                   57                100             7235
G7B925_S40                    34                 92             1704
G4G3839_S44                   27                364             3644
G4G3802_S90                    5                 17              780
G1M007_S70                    17                132             1147
G7B988_S33                     0                  0                0
G7B981_S34                     5                 68               31
G4G3787_S19                    8                 63             1420
G7B929_S17                     8                259             2307
G4G3755_S79                   13                117             2380
G7B968_S29                     1                 18              314
G7B995_S69                    12                 37              463
G4G3877_S60                   49               1208            14109
G4G3793_S65                   11                 84              808
G7B959_S64                     2                 18              170
G7B939_S87                     5                282             1093
G7B984_S93                     6                 38              851
G4G3751_S43                   24                 83             2215
G7B923_S16                    25                400             2200
G4G3867_S94                    2                 35              335
NegControl1_S14                2                 21                1
G4G3758_S6                    13                137             2481
G4G3742_S56                   31                290             4581
G4G3855_S72                  107                442            12461
G7B953_S41                    31                  0               46
G4G3900_S24                   32                334             2706
G4G3783_S68                    4                 13              270
G7B934_S85                     0                 46               53
G7B937_S15                    26                146             1990
G4G3876_S35                    1                 13              253
G7B931_S63                     0                 20              186
G4G3825_S31                   10                121              819
