                input filtered denoisedF denoisedR merged nonchim sample.name
G4G3817_S18     42866    42835     42749     42436  42388   42387          27
G7B957_S53       9900     9891      9842      9795   9757    9757          67
G7B959_S64       4336     4330      4290      4282   4253    4253          69
G7B926_S74       1626     1624      1588      1577   1568    1567          51
G4G3891_S82     27759    27717     27504     27432  27257   27256          41
G7B967_S3       12798    12792     12647     12661  12563   12563          71
G4G3842_S95     11069    11066     10949     11026  10918   10916          30
G7B979_S57       5834     5832      5755      5784   5714    5696          75
G7B956_S26       4305     4300      4214      4229   4167    4167          66
G4G3787_S19     12587    12582     12508     12477  12416   12416          19
G4G3802_S90      8034     8030      7994      7979   7962    7962          23
G4G3877_S60     27024    27007     26731     25437  25249   25248          39
G7B977_S80       1451     1449      1426      1413   1406    1406          74
G7B931_S63       1428     1428      1411      1410   1403    1403          55
G4G3707_S1      48815    48765     48604     48188  48095   48092           5
G7B939_S87      11930    11923     11783     11792  11693   11693          59
G7B930_S88       3278     3277      3248      3219   3203    3203          54
G4G3825_S31      8558     8552      8426      8459   8345    8344          28
G7B958_S76      17464    17460     17342     17295  17190   17190          68
G7B984_S93       7349     7346      7322      7292   7278    7278          78
G4G3864_S96     24703    24684     24589     24356  24310   24309          34
G4G3663_S13     51931    51899     51798     51393  51332   51327           4
G7B980_S22       6592     6585      6576      6551   6548    6548          76
G7B981_S34       2060     2059      2046      2042   2039    2039          77
G4G3793_S65      7943     7939      7810      7848   7740    7707          22
G7B998_S21      36705    36686     36551     36343  36238   36236          82
G7B955_S4       15458    15448     15261     15295  15163   15163          65
G4G3755_S79     24110    24008     23931     23684  23647   23644           9
G7B1008_S45     14430    14420     14338     14163  14115   14115          46
G4G3872_S47     10720    10714     10610     10592  10498   10498          37
G4G3894_S12     33805    33782     33711     33545  33512   33512          42
G1M007_S70      16857    16851     16804     16718  16694   16694           1
G7B947_S86      13545    13534     13452     13446  13382   13379          62
G7B927_S50      29400    29375     29242     29004  28914   28906          52
G4G3807_S30      5567     5564      5525      5498   5477    5477          25
G4G3782_S89      5743     5742      5719      5696   5686    5686          17
G4G3791_S32      1469     1469      1441      1443   1432    1432          21
G4G3778_S67      3900     3895      3876      3844   3832    3832          16
G4G3756_S66     20281    20265     20111     20003  19871   19869          10
G4G3773_S91      8516     8510      8491      8447   8440    8440          13
G4G3811_S77       142      142       137       138    136     136          26
G4G3839_S44     20330    20313     20273     20038  20019   20019          29
G1M008_S58      33058    33030     32954     32775  32736   32736           2
G4G3742_S56     30625    30601     30396     30201  30036   30034           7
G7B964_S28       4112     4109      4055      4070   4032    4016          70
G7B934_S85       1530     1530      1508      1501   1496    1496          57
G4G3775_S20      7529     7523      7484      7473   7449    7449          14
G4G3751_S43     25826    25806     25677     25597  25489   25488           8
G1M034_S46      21416    21399     21267     21174  21064   21064           3
G4G3860_S48     56298    56259     56155     55685  55604   55589          33
G7B925_S40      18493    18484     18375     18267  18186   18185          50
G4G3776_S54      5655     5652      5625      5609   5595    5595          15
G4G3758_S6      25550    25536     25470     25255  25224   25223          11
G7B937_S15      19380    19358     19240     19154  19052   19049          58
G4G3867_S94      4467     4466      4386      4445   4373    4373          36
G7B944_S49      33312    33293     33099     32895  32745   32743          61
G4G3803_S8      19816    19809     19680     19586  19480   19480          24
G7B968_S29       3812     3812      3761      3785   3750    3750          72
G4G3887_S11     34459    34439     34242     34143  33977   33977          40
G4G3866_S84     23494    23484     23318     23240  23142   23139          35
G7B918_S62       6615     6607      6571      6537   6521    6521          47
G4G3790_S55     20955    20945     20809     20777  20657   20657          20
G4G3772_S78      7143     7143      7024      7088   6978    6978          12
G4G3925_S36     14865    14851     14796     14731  14684   14684          45
G7B952_S5       17253    17245     17194     17121  17087   17086          64
G4G3715_S25     19931    19927     19786     19737  19646   19646           6
G7B987_S92       5765     5765      5679      5710   5638    5638          80
G4G3895_S71      8471     8465      8382      8347   8297    8296          43
G7B929_S17      20041    20026     19931     19802  19729   19671          53
G4G3876_S35      2550     2550      2535      2526   2525    2376          38
G4G3855_S72     50771    50724     50420     50077  49886   49868          32
G7B924_S51      16543    16536     16485     16461  16421   16421          49
G7B995_S69       3753     3750      3726      3701   3696    3696          81
G4G3783_S68      4478     4476      4399      4439   4372    4372          18
G4G3900_S24     27060    27040     26872     26647  26505   26503          44
NegControl1_S14     2        2         2         2      2       2          83
G7B923_S16      21450    21446     21381     21337  21294   21290          48
G7B969_S75       7515     7510      7482      7447   7435    7435          73
G7B985_S10      27847    27824     27650     27473  27327   27297          79
G4G3845_S23      2643     2641      2628      2613   2609    2609          31
G7B933_S38      26308    26292     26095     25931  25775   25774          56
G7B948_S61      34167    34144     33928     33702  33531   33530          63
G7B943_S73          2        2         2         2      2       2          60
                orig_f_reads orig_r_reads adap_f_reads adap_r_reads
G4G3817_S18           117973       117973       117968       117968
G7B957_S53             25501        25501        25495        25495
G7B959_S64             11915        11915        11900        11900
G7B926_S74              5205         5205         5201         5201
G4G3891_S82            72854        72854        72850        72850
G7B967_S3              32766        32766        32760        32760
G4G3842_S95            28076        28076        28075        28075
G7B979_S57             15782        15782        15773        15773
G7B956_S26             12054        12054        12042        12042
G4G3787_S19            33209        33209        33203        33203
G4G3802_S90            21532        21532        21526        21526
G4G3877_S60           142467       142467       142467       142467
G7B977_S80              6045         6045         6038         6038
G7B931_S63              5548         5548         5541         5541
G4G3707_S1            172284       172284       172281       172281
G7B939_S87             29629        29629        29622        29622
G7B930_S88              9044         9044         9039         9039
G4G3825_S31            22407        22407        22399        22399
G7B958_S76             46199        46199        46193        46193
G7B984_S93             20838        20838        20836        20836
G4G3864_S96            60062        60062        60061        60061
G4G3663_S13           151065       151065       151061       151061
G7B980_S22             23320        23320        23310        23310
G7B981_S34              7474         7474         7469         7469
G4G3793_S65            21218        21218        21216        21216
G7B998_S21            101030       101030       101022       101022
G7B955_S4              40080        40080        40076        40076
G4G3755_S79            75251        75251        75244        75244
G7B1008_S45            43210        43210        43203        43203
G4G3872_S47            29796        29796        29790        29790
G4G3894_S12            94430        94430        94424        94424
G1M007_S70             44423        44423        44422        44422
G7B947_S86             36230        36230        36224        36224
G7B927_S50             79095        79095        79091        79091
G4G3807_S30            14707        14707        14697        14697
G4G3782_S89            15722        15722        15717        15717
G4G3791_S32             3603         3603         3603         3603
G4G3778_S67            11990        11990        11979        11979
G4G3756_S66            55484        55484        55481        55481
G4G3773_S91            22524        22524        22518        22518
G4G3811_S77             4398         4398         4389         4389
G4G3839_S44            60039        60039        60037        60037
G1M008_S58             91719        91719        91713        91713
G4G3742_S56            92262        92262        92253        92253
G7B964_S28              8494         8494         8494         8494
G7B934_S85              4915         4915         4910         4910
G4G3775_S20            14284        14284        14275        14275
G4G3751_S43            69185        69185        69177        69177
G1M034_S46             66217        66217        66212        66212
G4G3860_S48           238508       238508       238503       238503
G7B925_S40             47248        47248        47240        47240
G4G3776_S54            14944        14944        14934        14934
G4G3758_S6             68217        68217        68214        68214
G7B937_S15             53600        53600        53598        53598
G4G3867_S94            10561        10561        10560        10560
G7B944_S49             86664        86664        86660        86660
G4G3803_S8             55929        55929        55924        55924
G7B968_S29              9942         9942         9934         9934
G4G3887_S11            92128        92128        92126        92126
G4G3866_S84           166320       166320       166320       166320
G7B918_S62             16284        16284        16276        16276
G4G3790_S55            57308        57308        57301        57301
G4G3772_S78            14850        14850        14850        14850
G4G3925_S36            37308        37308        37301        37301
G7B952_S5              42824        42824        42823        42823
G4G3715_S25            52122        52122        52121        52121
G7B987_S92             14290        14290        14290        14290
G4G3895_S71            24345        24345        24337        24337
G7B929_S17             53701        53701        53696        53696
G4G3876_S35             9036         9036         9028         9028
G4G3855_S72           252216       252216       252212       252212
G7B924_S51             45336        45336        45328        45328
G7B995_S69             11673        11673        11664        11664
G4G3783_S68            11866        11866        11864        11864
G4G3900_S24            70404        70404        70403        70403
NegControl1_S14         2576         2576         2576         2576
G7B923_S16             55417        55417        55414        55414
G7B969_S75             20551        20551        20540        20540
G7B985_S10             78099        78099        78093        78093
G4G3845_S23            10463        10463        10454        10454
G7B933_S38             70463        70463        70454        70454
G7B948_S61             89447        89447        89444        89444
G7B943_S73              1631         1631         1615         1615
                prim_f_reads prim_r_reads original_discarded adaptor_discarded
G4G3817_S18            42866        42866                  5             75102
G7B957_S53              9900         9900                  6             15595
G7B959_S64              4336         4336                 15              7564
G7B926_S74              1626         1626                  4              3575
G4G3891_S82            27759        27759                  4             45091
G7B967_S3              12798        12798                  6             19962
G4G3842_S95            11069        11069                  1             17006
G7B979_S57              5834         5834                  9              9939
G7B956_S26              4305         4305                 12              7737
G4G3787_S19            12587        12587                  6             20616
G4G3802_S90             8034         8034                  6             13492
G4G3877_S60            27024        27024                  0            115443
G7B977_S80              1451         1451                  7              4587
G7B931_S63              1428         1428                  7              4113
G4G3707_S1             48815        48815                  3            123466
G7B939_S87             11930        11930                  7             17692
G7B930_S88              3278         3278                  5              5761
G4G3825_S31             8558         8558                  8             13841
G7B958_S76             17464        17464                  6             28729
G7B984_S93              7349         7349                  2             13487
G4G3864_S96            24703        24703                  1             35358
G4G3663_S13            51931        51931                  4             99130
G7B980_S22              6592         6592                 10             16718
G7B981_S34              2060         2060                  5              5409
G4G3793_S65             7943         7943                  2             13273
G7B998_S21             36705        36705                  8             64317
G7B955_S4              15458        15458                  4             24618
G4G3755_S79            24110        24110                  7             51134
G7B1008_S45            14430        14430                  7             28773
G4G3872_S47            10720        10720                  6             19070
G4G3894_S12            33805        33805                  6             60619
G1M007_S70             16857        16857                  1             27565
G7B947_S86             13545        13545                  6             22679
G7B927_S50             29400        29400                  4             49691
G4G3807_S30             5567         5567                 10              9130
G4G3782_S89             5743         5743                  5              9974
G4G3791_S32             1469         1469                  0              2134
G4G3778_S67             3900         3900                 11              8079
G4G3756_S66            20281        20281                  3             35200
G4G3773_S91             8516         8516                  6             14002
G4G3811_S77              142          142                  9              4247
G4G3839_S44            20330        20330                  2             39707
G1M008_S58             33058        33058                  6             58655
G4G3742_S56            30625        30625                  9             61628
G7B964_S28              4112         4112                  0              4382
G7B934_S85              1530         1530                  5              3380
G4G3775_S20             7529         7529                  9              6746
G4G3751_S43            25826        25826                  8             43351
G1M034_S46             21416        21416                  5             44796
G4G3860_S48            56298        56298                  5            182205
G7B925_S40             18493        18493                  8             28747
G4G3776_S54             5655         5655                 10              9279
G4G3758_S6             25550        25550                  3             42664
G7B937_S15             19380        19380                  2             34218
G4G3867_S94             4467         4467                  1              6093
G7B944_S49             33312        33312                  4             53348
G4G3803_S8             19816        19816                  5             36108
G7B968_S29              3812         3812                  8              6122
G4G3887_S11            34459        34459                  2             57667
G4G3866_S84            23494        23494                  0            142826
G7B918_S62              6615         6615                  8              9661
G4G3790_S55            20955        20955                  7             36346
G4G3772_S78             7143         7143                  0              7707
G4G3925_S36            14865        14865                  7             22436
G7B952_S5              17253        17253                  1             25570
G4G3715_S25            19931        19931                  1             32190
G7B987_S92              5765         5765                  0              8525
G4G3895_S71             8471         8471                  8             15866
G7B929_S17             20041        20041                  5             33655
G4G3876_S35             2550         2550                  8              6478
G4G3855_S72            50771        50771                  4            201441
G7B924_S51             16543        16543                  8             28785
G7B995_S69              3753         3753                  9              7911
G4G3783_S68             4478         4478                  2              7386
G4G3900_S24            27060        27060                  1             43343
NegControl1_S14            2            2                  0              2574
G7B923_S16             21450        21450                  3             33964
G7B969_S75              7515         7515                 11             13025
G7B985_S10             27847        27847                  6             50246
G4G3845_S23             2643         2643                  9              7811
G7B933_S38             26308        26308                  9             44146
G7B948_S61             34167        34167                  3             55277
G7B943_S73                 2            2                 16              1613
                primer_discarded filtered_discarded merged_discarded
G4G3817_S18                   31                 86              361
G7B957_S53                     9                 49               85
G7B959_S64                     6                 40               37
G7B926_S74                     2                 36               20
G4G3891_S82                   42                213              247
G7B967_S3                      6                145               84
G4G3842_S95                    3                117               31
G7B979_S57                     2                 77               41
G7B956_S26                     5                 86               47
G4G3787_S19                    5                 74               92
G4G3802_S90                    4                 36               32
G4G3877_S60                   17                276             1482
G7B977_S80                     2                 23               20
G7B931_S63                     0                 17                8
G4G3707_S1                    50                161              509
G7B939_S87                     7                140               90
G7B930_S88                     1                 29               45
G4G3825_S31                    6                126               81
G7B958_S76                     4                118              152
G7B984_S93                     3                 24               44
G4G3864_S96                   19                 95              279
G4G3663_S13                   32                101              466
G7B980_S22                     7                  9               28
G7B981_S34                     1                 13                7
G4G3793_S65                    4                129               70
G7B998_S21                    19                135              313
G7B955_S4                     10                187               98
G4G3755_S79                  102                 77              284
G7B1008_S45                   10                 82              223
G4G3872_S47                    6                104              112
G4G3894_S12                   23                 71              199
G1M007_S70                     6                 47              110
G7B947_S86                    11                 82               70
G7B927_S50                    25                133              328
G4G3807_S30                    3                 39               48
G4G3782_S89                    1                 23               33
G4G3791_S32                    0                 28                9
G4G3778_S67                    5                 19               44
G4G3756_S66                   16                154              240
G4G3773_S91                    6                 19               51
G4G3811_S77                    0                  5                1
G4G3839_S44                   17                 40              254
G1M008_S58                    28                 76              218
G4G3742_S56                   24                205              360
G7B964_S28                     3                 54               23
G7B934_S85                     0                 22               12
G4G3775_S20                    6                 39               35
G4G3751_S43                   20                129              188
G1M034_S46                    17                132              203
G4G3860_S48                   39                104              551
G7B925_S40                     9                109              189
G4G3776_S54                    3                 27               30
G4G3758_S6                    14                 66              246
G7B937_S15                    22                118              188
G4G3867_S94                    1                 80               13
G7B944_S49                    19                194              354
G4G3803_S8                     7                129              200
G7B968_S29                     0                 51               11
G4G3887_S11                   20                197              265
G4G3866_S84                   10                166              176
G7B918_S62                     8                 36               50
G4G3790_S55                   10                136              152
G4G3772_S78                    0                119               46
G4G3925_S36                   14                 55              112
G7B952_S5                      8                 51              107
G4G3715_S25                    4                141              140
G7B987_S92                     0                 86               41
G4G3895_S71                    6                 83               85
G7B929_S17                    15                 95              202
G4G3876_S35                    0                 15               10
G4G3855_S72                   47                304              534
G7B924_S51                     7                 51               64
G7B995_S69                     3                 24               30
G4G3783_S68                    2                 77               27
G4G3900_S24                   20                168              367
NegControl1_S14                0                  0                0
G7B923_S16                     4                 65               87
G7B969_S75                     5                 28               47
G7B985_S10                    23                174              323
G4G3845_S23                    2                 13               19
G7B933_S38                    16                197              320
G7B948_S61                    23                216              397
G7B943_S73                     0                  0                0
